./alefiury/wav2vec2-large-xlsr-53-coraa-brazilian-portuguese-plus-gain-normalization-plus-selective-data-augmentation/output.txt
+-----+------------+-----------+-----------+-----------+-----------+-------------+-------------+-------------+-------------+
|     | SAMPLE     |   AVG WER |   AVG MER |   AVG WIL |   AVG CER |   TOTAL WER |   TOTAL MER |   TOTAL WIL |   TOTAL CER |
|-----+------------+-----------+-----------+-----------+-----------+-------------+-------------+-------------+-------------|
| 0   | SP_D2_062  |  0,805182 |  0,767175 |  0,832685 | 0,55549   |    0,730947 |    0,712059 |    0,89342  |   0,430152  |
| 1   | SP_D2_255  |  0,244374 |  0,229093 |  0,275011 | 0,14367   |    0,148269 |    0,146109 |    0,232011 |   0,0539487 |
| 2   | SP_D2_333  |  0,404023 |  0,378535 |  0,454647 | 0,257267  |    0,294518 |    0,28598  |    0,442635 |   0,120158  |
| 3   | SP_D2_343  |  0,521313 |  0,494898 |  0,579479 | 0,355373  |    0,408264 |    0,396936 |    0,5911   |   0,197823  |
| 4   | SP_D2_360  |  0,372708 |  0,350467 |  0,427049 | 0,245961  |    0,310858 |    0,304139 |    0,467293 |   0,140127  |
| 5   | SP_D2_396  |  0,645087 |  0,600286 |  0,695424 | 0,412054  |    0,561374 |    0,535696 |    0,750333 |   0,273128  |
| 6   | SP_DID_018 |  0,520473 |  0,489779 |  0,577902 | 0,310137  |    0,440054 |    0,427738 |    0,62495  |   0,221436  |
| 7   | SP_DID_137 |  0,35294  |  0,338219 |  0,426232 | 0,201763  |    0,269411 |    0,26445  |    0,410685 |   0,109971  |
| 8   | SP_DID_161 |  0,262793 |  0,253342 |  0,338088 | 0,12268   |    0,244391 |    0,23966  |    0,373155 |   0,0935652 |
| 9   | SP_DID_208 |  0,461327 |  0,429695 |  0,533781 | 0,237523  |    0,38681  |    0,37357  |    0,563168 |   0,163399  |
| 10  | SP_DID_234 |  0,310242 |  0,294041 |  0,355641 | 0,186977  |    0,21592  |    0,211687 |    0,327807 |   0,0895457 |
| 11  | SP_DID_235 |  0,319941 |  0,298834 |  0,35396  | 0,211162  |    0,216901 |    0,211859 |    0,340927 |   0,0891736 |
| 12  | SP_DID_242 |  0,270693 |  0,244382 |  0,282882 | 0,186542  |    0,157478 |    0,155177 |    0,243816 |   0,066155  |
| 13  | SP_DID_250 |  0,319579 |  0,303282 |  0,381749 | 0,160691  |    0,237072 |    0,232655 |    0,371753 |   0,0881421 |
| 14  | SP_DID_251 |  0,297074 |  0,271928 |  0,332598 | 0,161063  |    0,211961 |    0,207628 |    0,326002 |   0,0794167 |
| 15  | SP_EF_124  |  0,421208 |  0,395269 |  0,487045 | 0,221961  |    0,329249 |    0,320851 |    0,496401 |   0,143338  |
| 16  | SP_EF_153  |  0,275287 |  0,256891 |  0,332224 | 0,121427  |    0,220983 |    0,2165   |    0,345027 |   0,0729743 |
| 17  | SP_EF_156  |  0,228101 |  0,212617 |  0,289543 | 0,0996261 |    0,180402 |    0,177233 |    0,286175 |   0,0662838 |
| 18  | SP_EF_377  |  0,802812 |  0,754257 |  0,850014 | 0,515527  |    0,748455 |    0,716144 |    0,903065 |   0,431539  |
| 19  | SP_EF_388  |  0,581359 |  0,542119 |  0,641151 | 0,298394  |    0,507412 |    0,493289 |    0,705215 |   0,236559  |
| 20  | SP_EF_405  |  0,695905 |  0,640217 |  0,747483 | 0,382818  |    0,604005 |    0,580747 |    0,795603 |   0,308613  |
| AVG | nan        |  0,433925 |  0,40692  |  0,485457 | 0,256576  |    0,353559 |    0,343339 |    0,49955  |   0,165497  |
+-----+------------+-----------+-----------+-----------+-----------+-------------+-------------+-------------+-------------+
+-------+-----------+-----------+-----------+------------+-------------+-------------+-------------+-------------+
|       |   AVG WER |   AVG MER |   AVG WIL |    AVG CER |   TOTAL WER |   TOTAL MER |   TOTAL WIL |   TOTAL CER |
|-------+-----------+-----------+-----------+------------+-------------+-------------+-------------+-------------|
| count | 21        | 21        | 21        | 21         |   21        |   21        |   21        |  21         |
| mean  |  0,433925 |  0,40692  |  0,485457 |  0,256576  |    0,353559 |    0,343339 |    0,49955  |   0,165497  |
| std   |  0,181051 |  0,170261 |  0,180999 |  0,126348  |    0,182183 |    0,174252 |    0,209117 |   0,113856  |
| min   |  0,228101 |  0,212617 |  0,275011 |  0,0996261 |    0,148269 |    0,146109 |    0,232011 |   0,0539487 |
| 25%   |  0,297074 |  0,271928 |  0,338088 |  0,161063  |    0,216901 |    0,211859 |    0,340927 |   0,0881421 |
| 50%   |  0,372708 |  0,350467 |  0,427049 |  0,221961  |    0,294518 |    0,28598  |    0,442635 |   0,120158  |
| 75%   |  0,521313 |  0,494898 |  0,579479 |  0,310137  |    0,440054 |    0,427738 |    0,62495  |   0,221436  |
| max   |  0,805182 |  0,767175 |  0,850014 |  0,55549   |    0,748455 |    0,716144 |    0,903065 |   0,431539  |
+-------+-----------+-----------+-----------+------------+-------------+-------------+-------------+-------------+
./lgris/bp400-xlsr/output.txt
+-----+------------+-----------+-----------+-----------+-----------+-------------+-------------+-------------+-------------+
|     | SAMPLE     |   AVG WER |   AVG MER |   AVG WIL |   AVG CER |   TOTAL WER |   TOTAL MER |   TOTAL WIL |   TOTAL CER |
|-----+------------+-----------+-----------+-----------+-----------+-------------+-------------+-------------+-------------|
| 0   | SP_D2_062  |  0,903474 |  0,880933 |  0,920511 |  0,639046 |    0,853835 |    0,843334 |    0,960887 |   0,536897  |
| 1   | SP_D2_255  |  0,331271 |  0,316801 |  0,378807 |  0,182648 |    0,218185 |    0,215426 |    0,328679 |   0,0839334 |
| 2   | SP_D2_333  |  0,554116 |  0,523878 |  0,609827 |  0,335866 |    0,429031 |    0,417991 |    0,600534 |   0,181962  |
| 3   | SP_D2_343  |  0,659197 |  0,640702 |  0,722231 |  0,429074 |    0,535958 |    0,526885 |    0,719708 |   0,264287  |
| 4   | SP_D2_360  |  0,526269 |  0,504416 |  0,585599 |  0,347901 |    0,430302 |    0,423735 |    0,599172 |   0,204359  |
| 5   | SP_D2_396  |  0,777075 |  0,745335 |  0,828777 |  0,495746 |    0,69902  |    0,682615 |    0,867319 |   0,365703  |
| 6   | SP_DID_018 |  0,670721 |  0,647685 |  0,727503 |  0,414148 |    0,576422 |    0,567212 |    0,761155 |   0,304921  |
| 7   | SP_DID_137 |  0,505034 |  0,486869 |  0,583475 |  0,262663 |    0,3996   |    0,393113 |    0,563343 |   0,168759  |
| 8   | SP_DID_161 |  0,378547 |  0,368067 |  0,471211 |  0,182471 |    0,3428   |    0,33838  |    0,494019 |   0,13897   |
| 9   | SP_DID_208 |  0,636778 |  0,614631 |  0,722349 |  0,330835 |    0,548766 |    0,537576 |    0,740902 |   0,249333  |
| 10  | SP_DID_234 |  0,439633 |  0,42106  |  0,497446 |  0,256134 |    0,337531 |    0,332986 |    0,476881 |   0,148898  |
| 11  | SP_DID_235 |  0,477836 |  0,454443 |  0,529998 |  0,288872 |    0,349859 |    0,342526 |    0,509956 |   0,146134  |
| 12  | SP_DID_242 |  0,320204 |  0,300066 |  0,344581 |  0,203458 |    0,204346 |    0,201327 |    0,303115 |   0,0863076 |
| 13  | SP_DID_250 |  0,498319 |  0,475282 |  0,567107 |  0,259218 |    0,368863 |    0,362069 |    0,536351 |   0,149137  |
| 14  | SP_DID_251 |  0,40064  |  0,382427 |  0,463085 |  0,213082 |    0,307226 |    0,301908 |    0,452461 |   0,119827  |
| 15  | SP_EF_124  |  0,534233 |  0,51154  |  0,612029 |  0,275976 |    0,41624  |    0,408817 |    0,599661 |   0,185057  |
| 16  | SP_EF_153  |  0,400051 |  0,382809 |  0,474043 |  0,172765 |    0,326769 |    0,321027 |    0,479057 |   0,120904  |
| 17  | SP_EF_156  |  0,319939 |  0,307986 |  0,391275 |  0,1488   |    0,248766 |    0,245649 |    0,36806  |   0,0989928 |
| 18  | SP_EF_377  |  0,934434 |  0,910294 |  0,95723  |  0,646664 |    0,885043 |    0,874637 |    0,975501 |   0,57196   |
| 19  | SP_EF_388  |  0,748456 |  0,709477 |  0,799738 |  0,424592 |    0,649994 |    0,63575  |    0,834243 |   0,330653  |
| 20  | SP_EF_405  |  0,86937  |  0,82647  |  0,900313 |  0,518024 |    0,775852 |    0,756631 |    0,921501 |   0,436477  |
| AVG | nan        |  0,565981 |  0,543389 |  0,623197 |  0,334666 |    0,471638 |    0,463314 |    0,623453 |   0,233022  |
+-----+------------+-----------+-----------+-----------+-----------+-------------+-------------+-------------+-------------+
+-------+-----------+-----------+-----------+-----------+-------------+-------------+-------------+-------------+
|       |   AVG WER |   AVG MER |   AVG WIL |   AVG CER |   TOTAL WER |   TOTAL MER |   TOTAL WIL |   TOTAL CER |
|-------+-----------+-----------+-----------+-----------+-------------+-------------+-------------+-------------|
| count | 21        | 21        | 21        | 21        |   21        |   21        |   21        |  21         |
| mean  |  0,565981 |  0,543389 |  0,623197 |  0,334666 |    0,471638 |    0,463314 |    0,623453 |   0,233022  |
| std   |  0,193005 |  0,187683 |  0,183546 |  0,147425 |    0,20239  |    0,198813 |    0,205107 |   0,143114  |
| min   |  0,319939 |  0,300066 |  0,344581 |  0,1488   |    0,204346 |    0,201327 |    0,303115 |   0,0839334 |
| 25%   |  0,40064  |  0,382809 |  0,474043 |  0,213082 |    0,337531 |    0,332986 |    0,479057 |   0,13897   |
| 50%   |  0,526269 |  0,504416 |  0,585599 |  0,288872 |    0,41624  |    0,408817 |    0,599172 |   0,181962  |
| 75%   |  0,670721 |  0,647685 |  0,727503 |  0,424592 |    0,576422 |    0,567212 |    0,761155 |   0,304921  |
| max   |  0,934434 |  0,910294 |  0,95723  |  0,646664 |    0,885043 |    0,874637 |    0,975501 |   0,57196   |
+-------+-----------+-----------+-----------+-----------+-------------+-------------+-------------+-------------+
./jonatasgrosman/wav2vec2-xls-r-1b-portuguese/output.txt
+-----+------------+-----------+-----------+-----------+-----------+-------------+-------------+-------------+-------------+
|     | SAMPLE     |   AVG WER |   AVG MER |   AVG WIL |   AVG CER |   TOTAL WER |   TOTAL MER |   TOTAL WIL |   TOTAL CER |
|-----+------------+-----------+-----------+-----------+-----------+-------------+-------------+-------------+-------------|
| 0   | SP_D2_062  |  0,78211  |  0,713953 |  0,785896 |  0,534275 |    0,660752 |    0,633543 |    0,833141 |   0,400874  |
| 1   | SP_D2_255  |  0,261652 |  0,235292 |  0,272841 |  0,165072 |    0,142658 |    0,140243 |    0,213509 |   0,0639811 |
| 2   | SP_D2_333  |  0,369581 |  0,332554 |  0,389429 |  0,255045 |    0,247282 |    0,239383 |    0,367199 |   0,115642  |
| 3   | SP_D2_343  |  0,531277 |  0,488087 |  0,558726 |  0,381402 |    0,366078 |    0,354149 |    0,527568 |   0,195123  |
| 4   | SP_D2_360  |  0,356703 |  0,323366 |  0,383227 |  0,265498 |    0,25795  |    0,251936 |    0,381058 |   0,131183  |
| 5   | SP_D2_396  |  0,63806  |  0,578137 |  0,665287 |  0,44415  |    0,524695 |    0,498647 |    0,705083 |   0,284818  |
| 6   | SP_DID_018 |  0,488774 |  0,45244  |  0,526055 |  0,315353 |    0,385987 |    0,373472 |    0,546352 |   0,214728  |
| 7   | SP_DID_137 |  0,325244 |  0,302104 |  0,369667 |  0,19509  |    0,227896 |    0,223357 |    0,339657 |   0,108826  |
| 8   | SP_DID_161 |  0,247146 |  0,235715 |  0,304676 |  0,135093 |    0,214712 |    0,210438 |    0,313483 |   0,102194  |
| 9   | SP_DID_208 |  0,44678  |  0,41022  |  0,49642  |  0,248777 |    0,337102 |    0,325225 |    0,491232 |   0,162608  |
| 10  | SP_DID_234 |  0,306935 |  0,282995 |  0,334858 |  0,204384 |    0,21169  |    0,207364 |    0,305588 |   0,109542  |
| 11  | SP_DID_235 |  0,31601  |  0,284706 |  0,327003 |  0,23544  |    0,202535 |    0,197257 |    0,305891 |   0,0977714 |
| 12  | SP_DID_242 |  0,263136 |  0,231545 |  0,259477 |  0,182153 |    0,145633 |    0,143108 |    0,215815 |   0,0726371 |
| 13  | SP_DID_250 |  0,303732 |  0,278826 |  0,337356 |  0,175955 |    0,205651 |    0,201497 |    0,310241 |   0,0924467 |
| 14  | SP_DID_251 |  0,298325 |  0,263324 |  0,309639 |  0,182483 |    0,192437 |    0,187432 |    0,281836 |   0,085645  |
| 15  | SP_EF_124  |  0,391946 |  0,358184 |  0,432058 |  0,215505 |    0,271775 |    0,264642 |    0,411616 |   0,129917  |
| 16  | SP_EF_153  |  0,251581 |  0,233048 |  0,292722 |  0,123075 |    0,197669 |    0,194126 |    0,295964 |   0,0829312 |
| 17  | SP_EF_156  |  0,200578 |  0,183768 |  0,239955 |  0,103657 |    0,161672 |    0,158819 |    0,238364 |   0,0771463 |
| 18  | SP_EF_377  |  0,82174  |  0,750268 |  0,844879 |  0,540654 |    0,719252 |    0,682151 |    0,873493 |   0,442979  |
| 19  | SP_EF_388  |  0,573784 |  0,515582 |  0,598999 |  0,353506 |    0,450832 |    0,43262  |    0,626619 |   0,245953  |
| 20  | SP_EF_405  |  0,663619 |  0,579663 |  0,67856  |  0,384919 |    0,526449 |    0,497739 |    0,706659 |   0,290665  |
| AVG | nan        |  0,420891 |  0,382561 |  0,447987 |  0,268642 |    0,3167   |    0,305579 |    0,442398 |   0,167029  |
+-----+------------+-----------+-----------+-----------+-----------+-------------+-------------+-------------+-------------+
+-------+-----------+-----------+-----------+-----------+-------------+-------------+-------------+-------------+
|       |   AVG WER |   AVG MER |   AVG WIL |   AVG CER |   TOTAL WER |   TOTAL MER |   TOTAL WIL |   TOTAL CER |
|-------+-----------+-----------+-----------+-----------+-------------+-------------+-------------+-------------|
| count | 21        | 21        | 21        | 21        |   21        |   21        |   21        |  21         |
| mean  |  0,420891 |  0,382561 |  0,447987 |  0,268642 |    0,3167   |    0,305579 |    0,442398 |   0,167029  |
| std   |  0,182371 |  0,164632 |  0,179242 |  0,127572 |    0,16904  |    0,159008 |    0,202075 |   0,108896  |
| min   |  0,200578 |  0,183768 |  0,239955 |  0,103657 |    0,142658 |    0,140243 |    0,213509 |   0,0639811 |
| 25%   |  0,298325 |  0,263324 |  0,309639 |  0,182153 |    0,202535 |    0,197257 |    0,305588 |   0,0924467 |
| 50%   |  0,356703 |  0,323366 |  0,383227 |  0,23544  |    0,247282 |    0,239383 |    0,367199 |   0,115642  |
| 75%   |  0,531277 |  0,488087 |  0,558726 |  0,353506 |    0,385987 |    0,373472 |    0,546352 |   0,214728  |
| max   |  0,82174  |  0,750268 |  0,844879 |  0,540654 |    0,719252 |    0,682151 |    0,873493 |   0,442979  |
+-------+-----------+-----------+-----------+-----------+-------------+-------------+-------------+-------------+
./Edresson/wav2vec2-large-xlsr-coraa-portuguese/output.txt
+-----+------------+-----------+-----------+-----------+-----------+-------------+-------------+-------------+-------------+
|     | SAMPLE     |   AVG WER |   AVG MER |   AVG WIL |   AVG CER |   TOTAL WER |   TOTAL MER |   TOTAL WIL |   TOTAL CER |
|-----+------------+-----------+-----------+-----------+-----------+-------------+-------------+-------------+-------------|
| 0   | SP_D2_062  |  0,803729 |  0,751541 |  0,819848 |  0,532365 |    0,734075 |    0,710072 |    0,894583 |   0,425248  |
| 1   | SP_D2_255  |  0,216989 |  0,203584 |  0,249861 |  0,128435 |    0,13786  |    0,135868 |    0,221272 |   0,0478225 |
| 2   | SP_D2_333  |  0,38686  |  0,358883 |  0,43903  |  0,231926 |    0,290231 |    0,281712 |    0,440347 |   0,116871  |
| 3   | SP_D2_343  |  0,529797 |  0,497021 |  0,5826   |  0,349074 |    0,412975 |    0,401115 |    0,597585 |   0,199426  |
| 4   | SP_D2_360  |  0,37744  |  0,35322  |  0,430926 |  0,242969 |    0,312639 |    0,304661 |    0,471356 |   0,142126  |
| 5   | SP_D2_396  |  0,626624 |  0,574995 |  0,670316 |  0,378117 |    0,556409 |    0,529219 |    0,743936 |   0,271842  |
| 6   | SP_DID_018 |  0,51771  |  0,471587 |  0,559673 |  0,314377 |    0,436775 |    0,421536 |    0,622576 |   0,224373  |
| 7   | SP_DID_137 |  0,352436 |  0,33166  |  0,420743 |  0,181932 |    0,27497  |    0,269929 |    0,418205 |   0,111598  |
| 8   | SP_DID_161 |  0,25701  |  0,243752 |  0,330916 |  0,119298 |    0,239918 |    0,235175 |    0,367829 |   0,0925753 |
| 9   | SP_DID_208 |  0,472834 |  0,429711 |  0,534178 |  0,241089 |    0,396321 |    0,381401 |    0,574594 |   0,167289  |
| 10  | SP_DID_234 |  0,289396 |  0,267239 |  0,330472 |  0,174949 |    0,20198  |    0,197555 |    0,311626 |   0,0825748 |
| 11  | SP_DID_235 |  0,314985 |  0,290936 |  0,348758 |  0,20413  |    0,214507 |    0,209635 |    0,340378 |   0,0892867 |
| 12  | SP_DID_242 |  0,236471 |  0,213373 |  0,254485 |  0,163104 |    0,142565 |    0,140482 |    0,226972 |   0,0591393 |
| 13  | SP_DID_250 |  0,313098 |  0,291438 |  0,37341  |  0,159286 |    0,240345 |    0,234911 |    0,37864  |   0,0866193 |
| 14  | SP_DID_251 |  0,268586 |  0,245493 |  0,304522 |  0,147866 |    0,19614  |    0,192194 |    0,306285 |   0,0738473 |
| 15  | SP_EF_124  |  0,427102 |  0,393381 |  0,487403 |  0,215161 |    0,337046 |    0,327347 |    0,506478 |   0,145677  |
| 16  | SP_EF_153  |  0,262167 |  0,243519 |  0,322017 |  0,10987  |    0,219535 |    0,215402 |    0,347372 |   0,0719202 |
| 17  | SP_EF_156  |  0,226162 |  0,213383 |  0,291496 |  0,101643 |    0,181083 |    0,1782   |    0,290847 |   0,0657977 |
| 18  | SP_EF_377  |  0,816185 |  0,760748 |  0,854365 |  0,496646 |    0,761897 |    0,72536  |    0,90907  |   0,431205  |
| 19  | SP_EF_388  |  0,577085 |  0,534466 |  0,634638 |  0,30164  |    0,519181 |    0,503401 |    0,716237 |   0,244728  |
| 20  | SP_EF_405  |  0,719846 |  0,647024 |  0,754244 |  0,393019 |    0,632696 |    0,604425 |    0,817088 |   0,326053  |
| AVG | nan        |  0,428215 |  0,396045 |  0,4759   |  0,246995 |    0,354245 |    0,342838 |    0,500156 |   0,165525  |
+-----+------------+-----------+-----------+-----------+-----------+-------------+-------------+-------------+-------------+
+-------+-----------+-----------+-----------+-----------+-------------+-------------+-------------+-------------+
|       |   AVG WER |   AVG MER |   AVG WIL |   AVG CER |   TOTAL WER |   TOTAL MER |   TOTAL WIL |   TOTAL CER |
|-------+-----------+-----------+-----------+-----------+-------------+-------------+-------------+-------------|
| count | 21        | 21        | 21        | 21        |   21        |   21        |   21        |  21         |
| mean  |  0,428215 |  0,396045 |  0,4759   |  0,246995 |    0,354245 |    0,342838 |    0,500156 |   0,165525  |
| std   |  0,189522 |  0,174563 |  0,185253 |  0,124022 |    0,188946 |    0,179425 |    0,214596 |   0,115919  |
| min   |  0,216989 |  0,203584 |  0,249861 |  0,101643 |    0,13786  |    0,135868 |    0,221272 |   0,0478225 |
| 25%   |  0,268586 |  0,245493 |  0,330472 |  0,159286 |    0,214507 |    0,209635 |    0,340378 |   0,0825748 |
| 50%   |  0,37744  |  0,35322  |  0,430926 |  0,215161 |    0,290231 |    0,281712 |    0,440347 |   0,116871  |
| 75%   |  0,529797 |  0,497021 |  0,5826   |  0,314377 |    0,436775 |    0,421536 |    0,622576 |   0,224373  |
| max   |  0,816185 |  0,760748 |  0,854365 |  0,532365 |    0,761897 |    0,72536  |    0,90907  |   0,431205  |
+-------+-----------+-----------+-----------+-----------+-------------+-------------+-------------+-------------+
