./alefiury/wav2vec2-large-xlsr-53-coraa-brazilian-portuguese-plus-gain-normalization-plus-selective-data-augmentation/output.txt
+-----+------------+-----------+-----------+-----------+-----------+-------------+-------------+-------------+-------------+
|     | SAMPLE     |   AVG WER |   AVG MER |   AVG WIL |   AVG CER |   TOTAL WER |   TOTAL MER |   TOTAL WIL |   TOTAL CER |
|-----+------------+-----------+-----------+-----------+-----------+-------------+-------------+-------------+-------------|
| 0   | SP_D2_062  |  0,80551  |  0,767047 |  0,832805 |  0,555692 |    0,730284 |    0,711455 |    0,893032 |   0,429457  |
| 1   | SP_D2_255  |  0,244497 |  0,229205 |  0,27535  |  0,14362  |    0,148567 |    0,146393 |    0,23246  |   0,0540771 |
| 2   | SP_D2_333  |  0,411098 |  0,380036 |  0,45649  |  0,263734 |    0,296991 |    0,287838 |    0,44446  |   0,1225    |
| 3   | SP_D2_343  |  0,523299 |  0,495243 |  0,580448 |  0,357249 |    0,409917 |    0,398086 |    0,59235  |   0,199874  |
| 4   | SP_D2_360  |  0,379636 |  0,354211 |  0,431529 |  0,250947 |    0,318494 |    0,310713 |    0,475048 |   0,145772  |
| 5   | SP_D2_396  |  0,660351 |  0,602802 |  0,698135 |  0,422986 |    0,568372 |    0,538648 |    0,752073 |   0,279467  |
| 6   | SP_DID_018 |  0,521331 |  0,490413 |  0,578836 |  0,311756 |    0,441387 |    0,428936 |    0,626488 |   0,222504  |
| 7   | SP_DID_137 |  0,354304 |  0,339165 |  0,427143 |  0,202474 |    0,270549 |    0,265405 |    0,411661 |   0,110679  |
| 8   | SP_DID_161 |  0,267084 |  0,255773 |  0,341197 |  0,129574 |    0,247481 |    0,24231  |    0,37578  |   0,0967167 |
| 9   | SP_DID_208 |  0,461536 |  0,429933 |  0,533993 |  0,237685 |    0,386689 |    0,373443 |    0,563035 |   0,163291  |
| 10  | SP_DID_234 |  0,309863 |  0,293768 |  0,35586  |  0,18662  |    0,216237 |    0,212023 |    0,328428 |   0,0901061 |
| 11  | SP_DID_235 |  0,321712 |  0,299891 |  0,355972 |  0,211756 |    0,221067 |    0,215565 |    0,344977 |   0,0921452 |
| 12  | SP_DID_242 |  0,27043  |  0,244155 |  0,282645 |  0,186318 |    0,157039 |    0,154759 |    0,242938 |   0,0658814 |
| 13  | SP_DID_250 |  0,319365 |  0,303087 |  0,381806 |  0,160325 |    0,237325 |    0,232804 |    0,371935 |   0,0881839 |
| 14  | SP_DID_251 |  0,298974 |  0,273271 |  0,334296 |  0,162323 |    0,212716 |    0,208302 |    0,3271   |   0,0800505 |
| 15  | SP_EF_124  |  0,426794 |  0,398722 |  0,490433 |  0,23321  |    0,333188 |    0,324006 |    0,500319 |   0,147474  |
| 16  | SP_EF_153  |  0,278094 |  0,258007 |  0,333774 |  0,129034 |    0,224206 |    0,219281 |    0,348332 |   0,0749163 |
| 17  | SP_EF_156  |  0,229309 |  0,213519 |  0,290823 |  0,100397 |    0,182461 |    0,179035 |    0,288309 |   0,0674793 |
| 18  | SP_EF_377  |  0,819134 |  0,757783 |  0,85324  |  0,541387 |    0,758216 |    0,722744 |    0,907261 |   0,442273  |
| 19  | SP_EF_388  |  0,586495 |  0,544314 |  0,643281 |  0,302525 |    0,511311 |    0,49586  |    0,707787 |   0,240075  |
| 20  | SP_EF_405  |  0,705288 |  0,641792 |  0,748728 |  0,389136 |    0,611787 |    0,584539 |    0,79816  |   0,315806  |
| AVG | nan        |  0,437814 |  0,408197 |  0,48699  |  0,260893 |    0,356395 |    0,34534  |    0,501521 |   0,168035  |
+-----+------------+-----------+-----------+-----------+-----------+-------------+-------------+-------------+-------------+
+-------+-----------+-----------+-----------+-----------+-------------+-------------+-------------+-------------+
|       |   AVG WER |   AVG MER |   AVG WIL |   AVG CER |   TOTAL WER |   TOTAL MER |   TOTAL WIL |   TOTAL CER |
|-------+-----------+-----------+-----------+-----------+-------------+-------------+-------------+-------------|
| count | 21        | 21        | 21        | 21        |   21        |   21        |   21        |  21         |
| mean  |  0,437814 |  0,408197 |  0,48699  |  0,260893 |    0,356395 |    0,34534  |    0,501521 |   0,168035  |
| std   |  0,183915 |  0,170593 |  0,181207 |  0,129267 |    0,183657 |    0,174892 |    0,209354 |   0,115437  |
| min   |  0,229309 |  0,213519 |  0,27535  |  0,100397 |    0,148567 |    0,146393 |    0,23246  |   0,0540771 |
| 25%   |  0,298974 |  0,273271 |  0,341197 |  0,162323 |    0,221067 |    0,215565 |    0,344977 |   0,0881839 |
| 50%   |  0,379636 |  0,354211 |  0,431529 |  0,23321  |    0,296991 |    0,287838 |    0,44446  |   0,1225    |
| 75%   |  0,523299 |  0,495243 |  0,580448 |  0,311756 |    0,441387 |    0,428936 |    0,626488 |   0,222504  |
| max   |  0,819134 |  0,767047 |  0,85324  |  0,555692 |    0,758216 |    0,722744 |    0,907261 |   0,442273  |
+-------+-----------+-----------+-----------+-----------+-------------+-------------+-------------+-------------+
./lgris/bp400-xlsr/output.txt
+-----+------------+-----------+-----------+-----------+-----------+-------------+-------------+-------------+-------------+
|     | SAMPLE     |   AVG WER |   AVG MER |   AVG WIL |   AVG CER |   TOTAL WER |   TOTAL MER |   TOTAL WIL |   TOTAL CER |
|-----+------------+-----------+-----------+-----------+-----------+-------------+-------------+-------------+-------------|
| 0   | SP_D2_062  |  0,903644 |  0,881053 |  0,920656 |  0,639158 |    0,853574 |    0,843095 |    0,960734 |   0,536441  |
| 1   | SP_D2_255  |  0,331448 |  0,317018 |  0,379215 |  0,182706 |    0,218542 |    0,215794 |    0,329239 |   0,0842247 |
| 2   | SP_D2_333  |  0,558031 |  0,524994 |  0,611128 |  0,340604 |    0,429997 |    0,418588 |    0,600832 |   0,183951  |
| 3   | SP_D2_343  |  0,660396 |  0,641153 |  0,723005 |  0,430117 |    0,536791 |    0,527596 |    0,720316 |   0,265979  |
| 4   | SP_D2_360  |  0,532702 |  0,507516 |  0,589014 |  0,35217  |    0,437614 |    0,42995  |    0,60633  |   0,209491  |
| 5   | SP_D2_396  |  0,783786 |  0,746766 |  0,830546 |  0,502798 |    0,702497 |    0,684613 |    0,868857 |   0,370533  |
| 6   | SP_DID_018 |  0,671619 |  0,648674 |  0,728474 |  0,415461 |    0,578018 |    0,568835 |    0,762881 |   0,306211  |
| 7   | SP_DID_137 |  0,505865 |  0,48761  |  0,584401 |  0,263286 |    0,400502 |    0,393924 |    0,564325 |   0,169509  |
| 8   | SP_DID_161 |  0,381797 |  0,369087 |  0,47325  |  0,188535 |    0,345506 |    0,340519 |    0,496298 |   0,14191   |
| 9   | SP_DID_208 |  0,636846 |  0,614713 |  0,722414 |  0,331101 |    0,548549 |    0,537334 |    0,740675 |   0,249145  |
| 10  | SP_DID_234 |  0,440675 |  0,422227 |  0,498821 |  0,256169 |    0,338576 |    0,334046 |    0,478311 |   0,149364  |
| 11  | SP_DID_235 |  0,480192 |  0,455501 |  0,53177  |  0,291292 |    0,35341  |    0,345296 |    0,512824 |   0,15046   |
| 12  | SP_DID_242 |  0,319937 |  0,299825 |  0,344331 |  0,203246 |    0,204362 |    0,201344 |    0,302663 |   0,0862743 |
| 13  | SP_DID_250 |  0,497819 |  0,474737 |  0,566845 |  0,258918 |    0,368932 |    0,36202  |    0,536434 |   0,149222  |
| 14  | SP_DID_251 |  0,401733 |  0,38363  |  0,464637 |  0,214445 |    0,308256 |    0,302944 |    0,4541   |   0,120622  |
| 15  | SP_EF_124  |  0,539    |  0,514539 |  0,614846 |  0,286825 |    0,418747 |    0,410865 |    0,601997 |   0,18833   |
| 16  | SP_EF_153  |  0,401466 |  0,383363 |  0,475095 |  0,178948 |    0,329507 |    0,323321 |    0,481662 |   0,12301   |
| 17  | SP_EF_156  |  0,32084  |  0,308674 |  0,392344 |  0,149523 |    0,251602 |    0,248255 |    0,370919 |   0,100959  |
| 18  | SP_EF_377  |  0,937446 |  0,909939 |  0,957079 |  0,658412 |    0,887795 |    0,87625  |    0,976068 |   0,577481  |
| 19  | SP_EF_388  |  0,75134  |  0,711037 |  0,801294 |  0,427735 |    0,652362 |    0,637793 |    0,835642 |   0,334371  |
| 20  | SP_EF_405  |  0,873054 |  0,827094 |  0,900782 |  0,522607 |    0,779691 |    0,758083 |    0,92233  |   0,441517  |
| AVG | nan        |  0,568078 |  0,544245 |  0,624283 |  0,337812 |    0,473563 |    0,464784 |    0,624926 |   0,235191  |
+-----+------------+-----------+-----------+-----------+-----------+-------------+-------------+-------------+-------------+
+-------+-----------+-----------+-----------+-----------+-------------+-------------+-------------+-------------+
|       |   AVG WER |   AVG MER |   AVG WIL |   AVG CER |   TOTAL WER |   TOTAL MER |   TOTAL WIL |   TOTAL CER |
|-------+-----------+-----------+-----------+-----------+-------------+-------------+-------------+-------------|
| count | 21        | 21        | 21        | 21        |   21        |   21        |   21        |  21         |
| mean  |  0,568078 |  0,544245 |  0,624283 |  0,337812 |    0,473563 |    0,464784 |    0,624926 |   0,235191  |
| std   |  0,193639 |  0,187604 |  0,183389 |  0,148564 |    0,202609 |    0,19873  |    0,20482  |   0,143867  |
| min   |  0,319937 |  0,299825 |  0,344331 |  0,149523 |    0,204362 |    0,201344 |    0,302663 |   0,0842247 |
| 25%   |  0,401733 |  0,38363  |  0,475095 |  0,214445 |    0,338576 |    0,334046 |    0,481662 |   0,14191   |
| 50%   |  0,532702 |  0,507516 |  0,589014 |  0,291292 |    0,418747 |    0,410865 |    0,600832 |   0,183951  |
| 75%   |  0,671619 |  0,648674 |  0,728474 |  0,427735 |    0,578018 |    0,568835 |    0,762881 |   0,306211  |
| max   |  0,937446 |  0,909939 |  0,957079 |  0,658412 |    0,887795 |    0,87625  |    0,976068 |   0,577481  |
+-------+-----------+-----------+-----------+-----------+-------------+-------------+-------------+-------------+
./jonatasgrosman/wav2vec2-xls-r-1b-portuguese/output.txt
+-----+------------+-----------+-----------+-----------+-----------+-------------+-------------+-------------+-------------+
|     | SAMPLE     |   AVG WER |   AVG MER |   AVG WIL |   AVG CER |   TOTAL WER |   TOTAL MER |   TOTAL WIL |   TOTAL CER |
|-----+------------+-----------+-----------+-----------+-----------+-------------+-------------+-------------+-------------|
| 0   | SP_D2_062  |  0,783036 |  0,714236 |  0,786209 |  0,535242 |    0,66064  |    0,633295 |    0,832836 |   0,400701  |
| 1   | SP_D2_255  |  0,26165  |  0,235347 |  0,272995 |  0,165017 |    0,142835 |    0,140426 |    0,213785 |   0,0641659 |
| 2   | SP_D2_333  |  0,376811 |  0,333979 |  0,391405 |  0,260999 |    0,249404 |    0,241109 |    0,368922 |   0,118021  |
| 3   | SP_D2_343  |  0,533006 |  0,488217 |  0,559437 |  0,383015 |    0,367696 |    0,355366 |    0,528746 |   0,197062  |
| 4   | SP_D2_360  |  0,362621 |  0,326189 |  0,386501 |  0,269712 |    0,264238 |    0,257346 |    0,387872 |   0,135682  |
| 5   | SP_D2_396  |  0,656072 |  0,580998 |  0,668282 |  0,455487 |    0,531136 |    0,50181  |    0,707431 |   0,29061   |
| 6   | SP_DID_018 |  0,489039 |  0,452502 |  0,526327 |  0,31651  |    0,38675  |    0,374106 |    0,547071 |   0,215599  |
| 7   | SP_DID_137 |  0,325989 |  0,30271  |  0,370313 |  0,195594 |    0,228586 |    0,223993 |    0,340452 |   0,109323  |
| 8   | SP_DID_161 |  0,252593 |  0,237771 |  0,306903 |  0,142143 |    0,216662 |    0,212025 |    0,314856 |   0,104554  |
| 9   | SP_DID_208 |  0,447562 |  0,410457 |  0,496613 |  0,249931 |    0,337066 |    0,325181 |    0,491127 |   0,162655  |
| 10  | SP_DID_234 |  0,307792 |  0,283326 |  0,335385 |  0,205157 |    0,212281 |    0,207914 |    0,306522 |   0,109937  |
| 11  | SP_DID_235 |  0,316581 |  0,285406 |  0,328445 |  0,234986 |    0,205537 |    0,199974 |    0,308729 |   0,100325  |
| 12  | SP_DID_242 |  0,262862 |  0,231315 |  0,259233 |  0,181932 |    0,145083 |    0,142573 |    0,214781 |   0,0722445 |
| 13  | SP_DID_250 |  0,303143 |  0,278303 |  0,336876 |  0,175512 |    0,205717 |    0,2015   |    0,310284 |   0,0925409 |
| 14  | SP_DID_251 |  0,299474 |  0,264484 |  0,310943 |  0,183355 |    0,193853 |    0,188763 |    0,283833 |   0,0866092 |
| 15  | SP_EF_124  |  0,397006 |  0,361165 |  0,435169 |  0,224883 |    0,275422 |    0,267549 |    0,41483  |   0,133193  |
| 16  | SP_EF_153  |  0,253185 |  0,233989 |  0,293894 |  0,127188 |    0,200113 |    0,196329 |    0,298452 |   0,0849358 |
| 17  | SP_EF_156  |  0,201263 |  0,184385 |  0,240688 |  0,104193 |    0,163408 |    0,160405 |    0,239985 |   0,0783918 |
| 18  | SP_EF_377  |  0,838326 |  0,752043 |  0,847152 |  0,563692 |    0,728971 |    0,68756  |    0,877081 |   0,452305  |
| 19  | SP_EF_388  |  0,581686 |  0,518415 |  0,601915 |  0,357508 |    0,456864 |    0,437274 |    0,631228 |   0,250784  |
| 20  | SP_EF_405  |  0,674335 |  0,581362 |  0,680114 |  0,392995 |    0,535926 |    0,502715 |    0,710488 |   0,299212  |
| AVG | nan        |  0,424954 |  0,383647 |  0,449276 |  0,272622 |    0,319438 |    0,307486 |    0,444253 |   0,169469  |
+-----+------------+-----------+-----------+-----------+-----------+-------------+-------------+-------------+-------------+
+-------+-----------+-----------+-----------+-----------+-------------+-------------+-------------+-------------+
|       |   AVG WER |   AVG MER |   AVG WIL |   AVG CER |   TOTAL WER |   TOTAL MER |   TOTAL WIL |   TOTAL CER |
|-------+-----------+-----------+-----------+-----------+-------------+-------------+-------------+-------------|
| count | 21        | 21        | 21        | 21        |   21        |   21        |   21        |  21         |
| mean  |  0,424954 |  0,383647 |  0,449276 |  0,272622 |    0,319438 |    0,307486 |    0,444253 |   0,169469  |
| std   |  0,185821 |  0,164927 |  0,179565 |  0,130676 |    0,170867 |    0,159823 |    0,202529 |   0,110578  |
| min   |  0,201263 |  0,184385 |  0,240688 |  0,104193 |    0,142835 |    0,140426 |    0,213785 |   0,0641659 |
| 25%   |  0,299474 |  0,264484 |  0,310943 |  0,181932 |    0,205537 |    0,199974 |    0,306522 |   0,0925409 |
| 50%   |  0,362621 |  0,326189 |  0,386501 |  0,234986 |    0,249404 |    0,241109 |    0,368922 |   0,118021  |
| 75%   |  0,533006 |  0,488217 |  0,559437 |  0,357508 |    0,38675  |    0,374106 |    0,547071 |   0,215599  |
| max   |  0,838326 |  0,752043 |  0,847152 |  0,563692 |    0,728971 |    0,68756  |    0,877081 |   0,452305  |
+-------+-----------+-----------+-----------+-----------+-------------+-------------+-------------+-------------+
./Edresson/wav2vec2-large-xlsr-coraa-portuguese/output.txt
+-----+------------+-----------+-----------+-----------+-----------+-------------+-------------+-------------+-------------+
|     | SAMPLE     |   AVG WER |   AVG MER |   AVG WIL |   AVG CER |   TOTAL WER |   TOTAL MER |   TOTAL WIL |   TOTAL CER |
|-----+------------+-----------+-----------+-----------+-----------+-------------+-------------+-------------+-------------|
| 0   | SP_D2_062  |  0,804382 |  0,751634 |  0,820015 |  0,532678 |    0,733734 |    0,709676 |    0,894282 |   0,425059  |
| 1   | SP_D2_255  |  0,217371 |  0,203956 |  0,250415 |  0,128484 |    0,138219 |    0,136207 |    0,221805 |   0,0480126 |
| 2   | SP_D2_333  |  0,394663 |  0,360781 |  0,441163 |  0,23951  |    0,293342 |    0,284117 |    0,44282  |   0,119576  |
| 3   | SP_D2_343  |  0,531803 |  0,497512 |  0,583546 |  0,351049 |    0,414738 |    0,402478 |    0,599073 |   0,201516  |
| 4   | SP_D2_360  |  0,384924 |  0,357012 |  0,435451 |  0,248506 |    0,321103 |    0,31183  |    0,479744 |   0,148183  |
| 5   | SP_D2_396  |  0,640269 |  0,577826 |  0,673357 |  0,38901  |    0,562432 |    0,53202  |    0,745961 |   0,278125  |
| 6   | SP_DID_018 |  0,518436 |  0,47223  |  0,560596 |  0,316331 |    0,438047 |    0,42262  |    0,623997 |   0,225924  |
| 7   | SP_DID_137 |  0,353657 |  0,332587 |  0,421666 |  0,183089 |    0,275913 |    0,270736 |    0,419041 |   0,112416  |
| 8   | SP_DID_161 |  0,263391 |  0,246812 |  0,33496  |  0,129098 |    0,243306 |    0,238129 |    0,37116  |   0,0962183 |
| 9   | SP_DID_208 |  0,473063 |  0,42998  |  0,534436 |  0,242026 |    0,396274 |    0,381346 |    0,574562 |   0,167225  |
| 10  | SP_DID_234 |  0,289127 |  0,267115 |  0,330801 |  0,174657 |    0,202392 |    0,197992 |    0,312395 |   0,0830863 |
| 11  | SP_DID_235 |  0,316632 |  0,292246 |  0,350985 |  0,205061 |    0,219041 |    0,213787 |    0,345542 |   0,0925515 |
| 12  | SP_DID_242 |  0,236245 |  0,213179 |  0,254291 |  0,162906 |    0,142135 |    0,140071 |    0,226255 |   0,0588509 |
| 13  | SP_DID_250 |  0,313026 |  0,291416 |  0,373671 |  0,159138 |    0,240453 |    0,234953 |    0,378669 |   0,0869591 |
| 14  | SP_DID_251 |  0,270981 |  0,246908 |  0,306558 |  0,149137 |    0,197847 |    0,193678 |    0,30843  |   0,074795  |
| 15  | SP_EF_124  |  0,433208 |  0,396565 |  0,490478 |  0,227066 |    0,341035 |    0,330447 |    0,510121 |   0,150025  |
| 16  | SP_EF_153  |  0,265342 |  0,245003 |  0,324057 |  0,117133 |    0,223498 |    0,218937 |    0,351855 |   0,073933  |
| 17  | SP_EF_156  |  0,227414 |  0,214237 |  0,292821 |  0,102427 |    0,18296  |    0,179774 |    0,292638 |   0,0669596 |
| 18  | SP_EF_377  |  0,829319 |  0,763308 |  0,857077 |  0,519909 |    0,770812 |    0,730817 |    0,912404 |   0,441987  |
| 19  | SP_EF_388  |  0,582447 |  0,536901 |  0,636945 |  0,305839 |    0,522732 |    0,505523 |    0,718355 |   0,247796  |
| 20  | SP_EF_405  |  0,730913 |  0,648693 |  0,755561 |  0,401749 |    0,642072 |    0,608898 |    0,820145 |   0,334922  |
| AVG | nan        |  0,43222  |  0,397424 |  0,477564 |  0,251657 |    0,357242 |    0,344954 |    0,502345 |   0,168291  |
+-----+------------+-----------+-----------+-----------+-----------+-------------+-------------+-------------+-------------+
+-------+-----------+-----------+-----------+-----------+-------------+-------------+-------------+-------------+
|       |   AVG WER |   AVG MER |   AVG WIL |   AVG CER |   TOTAL WER |   TOTAL MER |   TOTAL WIL |   TOTAL CER |
|-------+-----------+-----------+-----------+-----------+-------------+-------------+-------------+-------------|
| count | 21        | 21        | 21        | 21        |   21        |   21        |   21        |  21         |
| mean  |  0,43222  |  0,397424 |  0,477564 |  0,251657 |    0,357242 |    0,344954 |    0,502345 |   0,168291  |
| std   |  0,191964 |  0,174801 |  0,185358 |  0,126587 |    0,190347 |    0,179924 |    0,214653 |   0,117646  |
| min   |  0,217371 |  0,203956 |  0,250415 |  0,102427 |    0,138219 |    0,136207 |    0,221805 |   0,0480126 |
| 25%   |  0,270981 |  0,246908 |  0,330801 |  0,159138 |    0,219041 |    0,213787 |    0,345542 |   0,0830863 |
| 50%   |  0,384924 |  0,357012 |  0,435451 |  0,227066 |    0,293342 |    0,284117 |    0,44282  |   0,119576  |
| 75%   |  0,531803 |  0,497512 |  0,583546 |  0,316331 |    0,438047 |    0,42262  |    0,623997 |   0,225924  |
| max   |  0,829319 |  0,763308 |  0,857077 |  0,532678 |    0,770812 |    0,730817 |    0,912404 |   0,441987  |
+-------+-----------+-----------+-----------+-----------+-------------+-------------+-------------+-------------+
