./alefiury/wav2vec2-large-xlsr-53-coraa-brazilian-portuguese-plus-gain-normalization-plus-selective-data-augmentation/output.txt
+-----+------------+-----------+-----------+-----------+-----------+-------------+-------------+-------------+-------------+
|     | SAMPLE     |   AVG WER |   AVG MER |   AVG WIL |   AVG CER |   TOTAL WER |   TOTAL MER |   TOTAL WIL |   TOTAL CER |
|-----+------------+-----------+-----------+-----------+-----------+-------------+-------------+-------------+-------------|
| 0   | SP_D2_062  |  0,823205 |  0,781131 |  0,844318 |  0,574582 |    0,744326 |    0,724085 |    0,901532 |   0,444143  |
| 1   | SP_D2_255  |  0,247357 |  0,232255 |  0,278343 |  0,146287 |    0,151024 |    0,148852 |    0,235796 |   0,0558324 |
| 2   | SP_D2_333  |  0,47724  |  0,436912 |  0,514186 |  0,332067 |    0,34485  |    0,333712 |    0,503805 |   0,159674  |
| 3   | SP_D2_343  |  0,578932 |  0,541096 |  0,623893 |  0,420431 |    0,454427 |    0,439503 |    0,640054 |   0,237911  |
| 4   | SP_D2_360  |  0,517597 |  0,449053 |  0,527216 |  0,428219 |    0,373787 |    0,360535 |    0,537386 |   0,193716  |
| 5   | SP_D2_396  |  0,700654 |  0,645679 |  0,73567  |  0,484407 |    0,598784 |    0,570374 |    0,781198 |   0,312607  |
| 6   | SP_DID_018 |  0,533435 |  0,502598 |  0,58977  |  0,325075 |    0,45178  |    0,438888 |    0,636058 |   0,231102  |
| 7   | SP_DID_137 |  0,369663 |  0,354705 |  0,442633 |  0,216174 |    0,278844 |    0,273797 |    0,424053 |   0,116409  |
| 8   | SP_DID_161 |  0,267876 |  0,257016 |  0,342215 |  0,131236 |    0,248526 |    0,243726 |    0,378008 |   0,0963834 |
| 9   | SP_DID_208 |  0,461709 |  0,430115 |  0,534222 |  0,237633 |    0,387091 |    0,373853 |    0,563603 |   0,163525  |
| 10  | SP_DID_234 |  0,329688 |  0,310522 |  0,372206 |  0,214677 |    0,226373 |    0,221785 |    0,342636 |   0,0978383 |
| 11  | SP_DID_235 |  0,354927 |  0,32125  |  0,379159 |  0,247904 |    0,241069 |    0,233823 |    0,36863  |   0,107594  |
| 12  | SP_DID_242 |  0,27062  |  0,244321 |  0,28283  |  0,186469 |    0,157191 |    0,154911 |    0,243325 |   0,0659431 |
| 13  | SP_DID_250 |  0,320824 |  0,304629 |  0,383184 |  0,162358 |    0,239082 |    0,234522 |    0,374004 |   0,0893906 |
| 14  | SP_DID_251 |  0,307549 |  0,282959 |  0,34347  |  0,174598 |    0,217761 |    0,213248 |    0,334054 |   0,0826326 |
| 15  | SP_EF_124  |  0,423426 |  0,397746 |  0,489508 |  0,22307  |    0,331383 |    0,322969 |    0,49902  |   0,144375  |
| 16  | SP_EF_153  |  0,275287 |  0,256891 |  0,332224 |  0,121427 |    0,220983 |    0,2165   |    0,345027 |   0,0729743 |
| 17  | SP_EF_156  |  0,228474 |  0,21303  |  0,289854 |  0,10027  |    0,180046 |    0,176897 |    0,285693 |   0,0662109 |
| 18  | SP_EF_377  |  0,802812 |  0,754257 |  0,850014 |  0,515527 |    0,748455 |    0,716144 |    0,903065 |   0,431539  |
| 19  | SP_EF_388  |  0,581359 |  0,542119 |  0,641151 |  0,298394 |    0,507412 |    0,493289 |    0,705215 |   0,236559  |
| 20  | SP_EF_405  |  0,695905 |  0,640217 |  0,747483 |  0,382818 |    0,604005 |    0,580747 |    0,795603 |   0,308613  |
| AVG | nan        |  0,455645 |  0,423738 |  0,502074 |  0,282077 |    0,367009 |    0,355817 |    0,514179 |   0,176903  |
+-----+------------+-----------+-----------+-----------+-----------+-------------+-------------+-------------+-------------+
+-------+-----------+-----------+-----------+-----------+-------------+-------------+-------------+-------------+
|       |   AVG WER |   AVG MER |   AVG WIL |   AVG CER |   TOTAL WER |   TOTAL MER |   TOTAL WIL |   TOTAL CER |
|-------+-----------+-----------+-----------+-----------+-------------+-------------+-------------+-------------|
| count | 21        | 21        | 21        | 21        |   21        |   21        |   21        |  21         |
| mean  |  0,455645 |  0,423738 |  0,502074 |  0,282077 |    0,367009 |    0,355817 |    0,514179 |   0,176903  |
| std   |  0,185248 |  0,173149 |  0,18292  |  0,139077 |    0,184058 |    0,175869 |    0,210159 |   0,116581  |
| min   |  0,228474 |  0,21303  |  0,278343 |  0,10027  |    0,151024 |    0,148852 |    0,235796 |   0,0558324 |
| 25%   |  0,307549 |  0,282959 |  0,34347  |  0,174598 |    0,226373 |    0,221785 |    0,345027 |   0,0893906 |
| 50%   |  0,423426 |  0,397746 |  0,489508 |  0,237633 |    0,331383 |    0,322969 |    0,49902  |   0,144375  |
| 75%   |  0,578932 |  0,541096 |  0,623893 |  0,382818 |    0,454427 |    0,439503 |    0,640054 |   0,236559  |
| max   |  0,823205 |  0,781131 |  0,850014 |  0,574582 |    0,748455 |    0,724085 |    0,903065 |   0,444143  |
+-------+-----------+-----------+-----------+-----------+-------------+-------------+-------------+-------------+
./lgris/bp400-xlsr/output.txt
+-----+------------+-----------+-----------+-----------+-----------+-------------+-------------+-------------+-------------+
|     | SAMPLE     |   AVG WER |   AVG MER |   AVG WIL |   AVG CER |   TOTAL WER |   TOTAL MER |   TOTAL WIL |   TOTAL CER |
|-----+------------+-----------+-----------+-----------+-----------+-------------+-------------+-------------+-------------|
| 0   | SP_D2_062  |  0,912231 |  0,888581 |  0,926635 |  0,652142 |    0,861042 |    0,850297 |    0,964188 |   0,546446  |
| 1   | SP_D2_255  |  0,334832 |  0,319986 |  0,382099 |  0,185803 |    0,221386 |    0,21861  |    0,332819 |   0,0860225 |
| 2   | SP_D2_333  |  0,615525 |  0,573158 |  0,65721  |  0,421318 |    0,476115 |    0,462368 |    0,652949 |   0,223788  |
| 3   | SP_D2_343  |  0,706073 |  0,680229 |  0,758056 |  0,496589 |    0,578754 |    0,566877 |    0,761416 |   0,306402  |
| 4   | SP_D2_360  |  0,642974 |  0,583055 |  0,664108 |  0,494888 |    0,486319 |    0,47221  |    0,659374 |   0,256738  |
| 5   | SP_D2_396  |  0,829936 |  0,781374 |  0,857257 |  0,562295 |    0,737025 |    0,714762 |    0,891502 |   0,406591  |
| 6   | SP_DID_018 |  0,68194  |  0,657321 |  0,735588 |  0,431429 |    0,587636 |    0,577765 |    0,770627 |   0,31551   |
| 7   | SP_DID_137 |  0,519053 |  0,501474 |  0,596716 |  0,282021 |    0,410138 |    0,403578 |    0,575748 |   0,176981  |
| 8   | SP_DID_161 |  0,381421 |  0,371112 |  0,474528 |  0,187842 |    0,346597 |    0,342173 |    0,498297 |   0,142228  |
| 9   | SP_DID_208 |  0,636785 |  0,614664 |  0,722376 |  0,330931 |    0,548723 |    0,537543 |    0,740858 |   0,24939   |
| 10  | SP_DID_234 |  0,457251 |  0,438595 |  0,514362 |  0,280898 |    0,348342 |    0,343654 |    0,492074 |   0,158147  |
| 11  | SP_DID_235 |  0,507401 |  0,474052 |  0,550472 |  0,335729 |    0,37154  |    0,361741 |    0,532366 |   0,164512  |
| 12  | SP_DID_242 |  0,320175 |  0,300045 |  0,344574 |  0,20341  |    0,204738 |    0,201717 |    0,303318 |   0,0864169 |
| 13  | SP_DID_250 |  0,498815 |  0,47584  |  0,567587 |  0,260806 |    0,370418 |    0,363428 |    0,537297 |   0,150454  |
| 14  | SP_DID_251 |  0,411608 |  0,393852 |  0,474214 |  0,227549 |    0,314205 |    0,308715 |    0,460991 |   0,124487  |
| 15  | SP_EF_124  |  0,534184 |  0,51171  |  0,611998 |  0,276562 |    0,418037 |    0,410604 |    0,601422 |   0,186415  |
| 16  | SP_EF_153  |  0,400051 |  0,382809 |  0,474043 |  0,172765 |    0,326769 |    0,321027 |    0,479057 |   0,120904  |
| 17  | SP_EF_156  |  0,320366 |  0,308443 |  0,39182  |  0,149192 |    0,248792 |    0,245689 |    0,368363 |   0,0989686 |
| 18  | SP_EF_377  |  0,934434 |  0,910294 |  0,95723  |  0,646664 |    0,885043 |    0,874637 |    0,975501 |   0,57196   |
| 19  | SP_EF_388  |  0,748456 |  0,709477 |  0,799738 |  0,424592 |    0,649994 |    0,63575  |    0,834243 |   0,330653  |
| 20  | SP_EF_405  |  0,86937  |  0,82647  |  0,900313 |  0,518024 |    0,775852 |    0,756631 |    0,921501 |   0,436477  |
| AVG | nan        |  0,583947 |  0,557264 |  0,636234 |  0,359117 |    0,484165 |    0,474751 |    0,635901 |   0,244738  |
+-----+------------+-----------+-----------+-----------+-----------+-------------+-------------+-------------+-------------+
+-------+-----------+-----------+-----------+-----------+-------------+-------------+-------------+-------------+
|       |   AVG WER |   AVG MER |   AVG WIL |   AVG CER |   TOTAL WER |   TOTAL MER |   TOTAL WIL |   TOTAL CER |
|-------+-----------+-----------+-----------+-----------+-------------+-------------+-------------+-------------|
| count | 21        | 21        | 21        | 21        |   21        |   21        |   21        |  21         |
| mean  |  0,583947 |  0,557264 |  0,636234 |  0,359117 |    0,484165 |    0,474751 |    0,635901 |   0,244738  |
| std   |  0,196587 |  0,189552 |  0,184825 |  0,157386 |    0,203984 |    0,200007 |    0,20606  |   0,144997  |
| min   |  0,320175 |  0,300045 |  0,344574 |  0,149192 |    0,204738 |    0,201717 |    0,303318 |   0,0860225 |
| 25%   |  0,411608 |  0,393852 |  0,474528 |  0,227549 |    0,346597 |    0,342173 |    0,492074 |   0,142228  |
| 50%   |  0,534184 |  0,51171  |  0,611998 |  0,330931 |    0,418037 |    0,410604 |    0,601422 |   0,186415  |
| 75%   |  0,706073 |  0,680229 |  0,758056 |  0,494888 |    0,587636 |    0,577765 |    0,770627 |   0,31551   |
| max   |  0,934434 |  0,910294 |  0,95723  |  0,652142 |    0,885043 |    0,874637 |    0,975501 |   0,57196   |
+-------+-----------+-----------+-----------+-----------+-------------+-------------+-------------+-------------+
./jonatasgrosman/wav2vec2-xls-r-1b-portuguese/output.txt
+-----+------------+-----------+-----------+-----------+-----------+-------------+-------------+-------------+-------------+
|     | SAMPLE     |   AVG WER |   AVG MER |   AVG WIL |   AVG CER |   TOTAL WER |   TOTAL MER |   TOTAL WIL |   TOTAL CER |
|-----+------------+-----------+-----------+-----------+-----------+-------------+-------------+-------------+-------------|
| 0   | SP_D2_062  |  0,803992 |  0,728699 |  0,799776 |  0,555412 |    0,677046 |    0,647335 |    0,843816 |   0,416399  |
| 1   | SP_D2_255  |  0,263994 |  0,23795  |  0,275596 |  0,1674   |    0,145094 |    0,142676 |    0,216972 |   0,0657921 |
| 2   | SP_D2_333  |  0,462201 |  0,392188 |  0,453077 |  0,356997 |    0,302309 |    0,289745 |    0,434764 |   0,157263  |
| 3   | SP_D2_343  |  0,587541 |  0,524888 |  0,595344 |  0,450328 |    0,409506 |    0,393051 |    0,575776 |   0,23419   |
| 4   | SP_D2_360  |  0,510913 |  0,414096 |  0,476858 |  0,455307 |    0,321372 |    0,308025 |    0,45482  |   0,184437  |
| 5   | SP_D2_396  |  0,709975 |  0,62455  |  0,708092 |  0,524138 |    0,5655   |    0,533503 |    0,739829 |   0,320974  |
| 6   | SP_DID_018 |  0,498991 |  0,462297 |  0,536302 |  0,331731 |    0,39483  |    0,382144 |    0,557182 |   0,222818  |
| 7   | SP_DID_137 |  0,342557 |  0,319464 |  0,387117 |  0,213221 |    0,237788 |    0,233062 |    0,353933 |   0,115911  |
| 8   | SP_DID_161 |  0,250901 |  0,239653 |  0,308595 |  0,139062 |    0,217779 |    0,213446 |    0,316787 |   0,104788  |
| 9   | SP_DID_208 |  0,447375 |  0,410663 |  0,496887 |  0,249084 |    0,337517 |    0,325608 |    0,491771 |   0,16282   |
| 10  | SP_DID_234 |  0,329342 |  0,301182 |  0,353253 |  0,228798 |    0,223252 |    0,218252 |    0,321974 |   0,118107  |
| 11  | SP_DID_235 |  0,356552 |  0,306694 |  0,351634 |  0,282574 |    0,226875 |    0,2193   |    0,333244 |   0,115163  |
| 12  | SP_DID_242 |  0,263055 |  0,231479 |  0,259413 |  0,182081 |    0,145262 |    0,14275  |    0,215195 |   0,0723675 |
| 13  | SP_DID_250 |  0,304044 |  0,279401 |  0,337881 |  0,177634 |    0,205717 |    0,201646 |    0,310173 |   0,0928302 |
| 14  | SP_DID_251 |  0,309212 |  0,273409 |  0,319758 |  0,199394 |    0,197905 |    0,19261  |    0,289619 |   0,0889699 |
| 15  | SP_EF_124  |  0,393129 |  0,359382 |  0,433315 |  0,216511 |    0,27354  |    0,266366 |    0,41416  |   0,131005  |
| 16  | SP_EF_153  |  0,251581 |  0,233048 |  0,292722 |  0,123075 |    0,197669 |    0,194126 |    0,295964 |   0,0829312 |
| 17  | SP_EF_156  |  0,201437 |  0,184241 |  0,240364 |  0,104491 |    0,161482 |    0,158631 |    0,238207 |   0,0770394 |
| 18  | SP_EF_377  |  0,82174  |  0,750268 |  0,844879 |  0,540654 |    0,719252 |    0,682151 |    0,873493 |   0,442979  |
| 19  | SP_EF_388  |  0,573784 |  0,515582 |  0,598999 |  0,353506 |    0,450832 |    0,43262  |    0,626619 |   0,245953  |
| 20  | SP_EF_405  |  0,663619 |  0,579663 |  0,67856  |  0,384919 |    0,526449 |    0,497739 |    0,706659 |   0,290665  |
| AVG | nan        |  0,445044 |  0,398514 |  0,464211 |  0,296967 |    0,330332 |    0,317847 |    0,457665 |   0,178257  |
+-----+------------+-----------+-----------+-----------+-----------+-------------+-------------+-------------+-------------+
+-------+-----------+-----------+-----------+-----------+-------------+-------------+-------------+-------------+
|       |   AVG WER |   AVG MER |   AVG WIL |   AVG CER |   TOTAL WER |   TOTAL MER |   TOTAL WIL |   TOTAL CER |
|-------+-----------+-----------+-----------+-----------+-------------+-------------+-------------+-------------|
| count | 21        | 21        | 21        | 21        |   21        |   21        |   21        |  21         |
| mean  |  0,445044 |  0,398514 |  0,464211 |  0,296967 |    0,330332 |    0,317847 |    0,457665 |   0,178257  |
| std   |  0,187916 |  0,167118 |  0,180943 |  0,142954 |    0,171095 |    0,160564 |    0,20312  |   0,111307  |
| min   |  0,201437 |  0,184241 |  0,240364 |  0,104491 |    0,145094 |    0,142676 |    0,215195 |   0,0657921 |
| 25%   |  0,304044 |  0,273409 |  0,319758 |  0,182081 |    0,205717 |    0,201646 |    0,310173 |   0,0928302 |
| 50%   |  0,393129 |  0,359382 |  0,433315 |  0,249084 |    0,27354  |    0,266366 |    0,41416  |   0,131005  |
| 75%   |  0,573784 |  0,515582 |  0,595344 |  0,384919 |    0,409506 |    0,393051 |    0,575776 |   0,23419   |
| max   |  0,82174  |  0,750268 |  0,844879 |  0,555412 |    0,719252 |    0,682151 |    0,873493 |   0,442979  |
+-------+-----------+-----------+-----------+-----------+-------------+-------------+-------------+-------------+
./Edresson/wav2vec2-large-xlsr-coraa-portuguese/output.txt
+-----+------------+-----------+-----------+-----------+-----------+-------------+-------------+-------------+-------------+
|     | SAMPLE     |   AVG WER |   AVG MER |   AVG WIL |   AVG CER |   TOTAL WER |   TOTAL MER |   TOTAL WIL |   TOTAL CER |
|-----+------------+-----------+-----------+-----------+-----------+-------------+-------------+-------------+-------------|
| 0   | SP_D2_062  |  0,826501 |  0,76641  |  0,832594 |  0,552934 |    0,747056 |    0,720681 |    0,901795 |   0,439734  |
| 1   | SP_D2_255  |  0,220611 |  0,206808 |  0,253255 |  0,131193 |    0,140913 |    0,138881 |    0,225571 |   0,0498469 |
| 2   | SP_D2_333  |  0,472423 |  0,418988 |  0,500893 |  0,322134 |    0,342617 |    0,330406 |    0,503177 |   0,157619  |
| 3   | SP_D2_343  |  0,589647 |  0,542311 |  0,626178 |  0,415571 |    0,45887  |    0,443032 |    0,645383 |   0,239605  |
| 4   | SP_D2_360  |  0,518063 |  0,443625 |  0,524068 |  0,410055 |    0,374455 |    0,358833 |    0,53969  |   0,19594   |
| 5   | SP_D2_396  |  0,700969 |  0,624346 |  0,714852 |  0,462287 |    0,599991 |    0,567259 |    0,778153 |   0,312973  |
| 6   | SP_DID_018 |  0,528724 |  0,481616 |  0,568957 |  0,326853 |    0,446909 |    0,430956 |    0,632291 |   0,233722  |
| 7   | SP_DID_137 |  0,369737 |  0,34888  |  0,437905 |  0,203088 |    0,285798 |    0,280533 |    0,432614 |   0,118913  |
| 8   | SP_DID_161 |  0,260666 |  0,247598 |  0,335223 |  0,124144 |    0,243636 |    0,238883 |    0,372669 |   0,0949827 |
| 9   | SP_DID_208 |  0,473006 |  0,429934 |  0,534521 |  0,241362 |    0,396504 |    0,381589 |    0,574854 |   0,167481  |
| 10  | SP_DID_234 |  0,31154  |  0,285699 |  0,348953 |  0,19815  |    0,213178 |    0,20833  |    0,327501 |   0,0906758 |
| 11  | SP_DID_235 |  0,351031 |  0,313832 |  0,37433  |  0,243274 |    0,239177 |    0,232094 |    0,368927 |   0,107761  |
| 12  | SP_DID_242 |  0,236403 |  0,213316 |  0,254439 |  0,163037 |    0,142217 |    0,140153 |    0,226499 |   0,0589107 |
| 13  | SP_DID_250 |  0,314687 |  0,293137 |  0,375265 |  0,162479 |    0,242376 |    0,236741 |    0,380887 |   0,0878684 |
| 14  | SP_DID_251 |  0,280217 |  0,256144 |  0,315066 |  0,162944 |    0,203688 |    0,199359 |    0,316369 |   0,0780558 |
| 15  | SP_EF_124  |  0,429802 |  0,395767 |  0,48977  |  0,2164   |    0,33911  |    0,329331 |    0,509113 |   0,146735  |
| 16  | SP_EF_153  |  0,262167 |  0,243519 |  0,322017 |  0,10987  |    0,219535 |    0,215402 |    0,347372 |   0,0719202 |
| 17  | SP_EF_156  |  0,226642 |  0,213896 |  0,291987 |  0,102427 |    0,180978 |    0,17811  |    0,29084  |   0,065848  |
| 18  | SP_EF_377  |  0,816185 |  0,760748 |  0,854365 |  0,496646 |    0,761897 |    0,72536  |    0,90907  |   0,431205  |
| 19  | SP_EF_388  |  0,577085 |  0,534466 |  0,634638 |  0,30164  |    0,519181 |    0,503401 |    0,716237 |   0,244728  |
| 20  | SP_EF_405  |  0,719846 |  0,647024 |  0,754244 |  0,393019 |    0,632696 |    0,604425 |    0,817088 |   0,326053  |
| AVG | nan        |  0,451712 |  0,412765 |  0,492549 |  0,27331  |    0,368132 |    0,355417 |    0,515052 |   0,17717   |
+-----+------------+-----------+-----------+-----------+-----------+-------------+-------------+-------------+-------------+
+-------+-----------+-----------+-----------+-----------+-------------+-------------+-------------+-------------+
|       |   AVG WER |   AVG MER |   AVG WIL |   AVG CER |   TOTAL WER |   TOTAL MER |   TOTAL WIL |   TOTAL CER |
|-------+-----------+-----------+-----------+-----------+-------------+-------------+-------------+-------------|
| count | 21        | 21        | 21        | 21        |   21        |   21        |   21        |  21         |
| mean  |  0,451712 |  0,412765 |  0,492549 |  0,27331  |    0,368132 |    0,355417 |    0,515052 |   0,17717   |
| std   |  0,195104 |  0,177516 |  0,187352 |  0,136717 |    0,190726 |    0,180718 |    0,215332 |   0,118619  |
| min   |  0,220611 |  0,206808 |  0,253255 |  0,102427 |    0,140913 |    0,138881 |    0,225571 |   0,0498469 |
| 25%   |  0,280217 |  0,256144 |  0,335223 |  0,162944 |    0,219535 |    0,215402 |    0,347372 |   0,0878684 |
| 50%   |  0,429802 |  0,395767 |  0,48977  |  0,241362 |    0,33911  |    0,329331 |    0,503177 |   0,146735  |
| 75%   |  0,577085 |  0,534466 |  0,626178 |  0,393019 |    0,45887  |    0,443032 |    0,645383 |   0,239605  |
| max   |  0,826501 |  0,76641  |  0,854365 |  0,552934 |    0,761897 |    0,72536  |    0,90907  |   0,439734  |
+-------+-----------+-----------+-----------+-----------+-------------+-------------+-------------+-------------+
